1554 Die Eisenbahnen der asiatischen Türkei.

Tabelle 11.
Tabelle 11, Betriebsergebnisse

Betriebseinnahm nen net ‏ות‎

,
im ganzen . für das Kilometer

| | am
| an | AGES
Angora Konia Adabasar Gesamt | eer Konia | |

|
|

basar

| |

[

| 9654 | a =

1895 | 3.566 625 356 506 3924387 || 6171, |) or

1900 | 5492637 | 6 7798 7451401 || 9508 | 4159 | 11977
| 79688 | 4

1890 1 144 807 1 144 807

1905 7 214 3545 7678 10 799 488 12 364
7016928 | 2739473 28 442 9884840 | 0 6156 | 14271

6.878 659 3 106 788 132 261 9612704 11 027 6982 | 14696
5281959 | 25883 123 197 7 993 500 9 138 5817 | 13689
5640595 | 2079636 | 144050 7864981 | 9759 | 4673 | 6

7 662 210 8 690 201 145 582 11 497 999 13256 | 8 16 170

5 058 098 156 2 15 100 271 17104 | 11367 | 17 358

6 471 554 158 706 18 840 420 21125 11543 | 4

Personen

für das km im ganzen

\n 5 Re
Konia) Angora | Konia
gora | gesamt || gora

f 991806} — | 991 806 || 4571

1016289 | 1684 | 8 1487466 | 118737 | 1606903 || 2590
1249 212 1 608 35 362 992 | 2.009 338 || 2805
3 | 567420 | 2678318 | 6

631 437 | 2639 759 || 3 401

719 347 | 3 005 216 | 897

996 184 | 3 487 189 |

728 471 | 8

1418 | 874134 | 757

3549231 | 1191824 | 4820949

5316651 | 2228975 | 7 697 880 || 93

‚chließlich der nicht sesondert aufgeführten Strecke Arifie—