181 407

754

1573 432

2959 203

5 164 130

5 989 846

6 494 645
3 943 945
8 890 545
11590 4
10.047 077

3 914
7859 416
11 016 244
11 026 140

)

2
12 109 528

8 432 326

6 277 966

Die Eisenbahnen der asiatischen Türkei.

\hgaben an den Staat.)

Damaskus-Hama

D
Ba

edadbahn
erlingerung Rajak—Aleppo

aa % im ganzen | fiir das km
amen | für das km | im ganzen | fiir das km

$29 980
942 241
4043 006,

3843 475

3560 736 - —
14016 || 1022645 5410
14315 | 22299072 11856
14276 | 2209939 11223
13.659 1895 660 10.083

028 024 :430 | ו

13773 || 2093395 ap 546 130

14501 || 2394668

151156 | 2218727 509

12920 | 1873241 381 136
| |

11 305 | 1 829 852

| 19 195 816

|
|